1 : 
[1, 1, 2, 3, 5, 8, 13, 21, 34, 55, 89, 144, 233, 377, 610, 987, 1597, 2584, 4181, 6765, 10946, 17711]
0: (2, 0)
1: (2, 0)
2: (2, 0)
3: (3, 0)
4: (4, 0)
5: (4, 0)
6: (10, 0)
7: (10, 0)
8: (10, 0)
9: (36, 0)
10: (36, 0)
11: (36, 0)
12: (146, 192)
13: (146, 405)
14: (146, 562)
15: (612, 1184)
16: (612, 3072)
17: (612, 3308)
18: (2586, 7778)
19: (2586, 7664)
20: (2586, 14052)
21: (10948, 49016)

2 : 
[1, 2, 3, 5, 8, 13, 21, 34, 55, 89, 144, 233, 377, 610, 987, 1597, 2584, 4181, 6765, 10946, 17711, 28657]
0: (3, 0)
1: (3, 0)
2: (3, 0)
3: (4, 0)
4: (4, 0)
5: (10, 0)
6: (10, 0)
7: (10, 0)
8: (36, 0)
9: (36, 0)
10: (36, 0)
11: (146, 192)
12: (146, 405)
13: (146, 562)
14: (612, 1184)
15: (612, 3072)
16: (612, 3308)
17: (2586, 7778)
18: (2586, 7664)
19: (2586, 14052)
20: (10948, 49016)
21: (10948, 51953)

3 : 
[1, 3, 4, 7, 11, 18, 29, 47, 76, 123, 199, 322, 521, 843, 1364, 2207, 3571, 5778, 9349, 15127, 24476, 39603]
0: (2, 0)
1: (2, 0)
2: (2, 0)
3: (7, 0)
4: (8, 0)
5: (8, 0)
6: (22, 0)
7: (22, 0)
8: (22, 0)
9: (80, 0)
10: (80, 0)
11: (80, 0)
12: (326, 411)
13: (326, 411)
14: (326, 1774)
15: (1368, 2664)
16: (1368, 2664)
17: (1368, 10452)
18: (5782, 17118)
19: (5782, 19894)
20: (5782, 44426)
21: (24480, 75210)

4 : 
[1, 4, 5, 9, 14, 23, 37, 60, 97, 157, 254, 411, 665, 1076, 1741, 2817, 4558, 7375, 11933, 19308, 31241, 50549]
0: (5, 0)
1: (5, 0)
2: (5, 0)
3: (8, 0)
4: (8, 0)
5: (18, 0)
6: (18, 0)
7: (18, 0)
8: (64, 0)
9: (64, 0)
10: (64, 0)
11: (258, 326)
12: (258, 708)
13: (258, 968)
14: (1080, 1946)
15: (1080, 3016)
16: (1080, 4098)
17: (4562, 10668)
18: (4562, 19717)
19: (4562, 34534)
20: (19312, 87777)

5 : 
[1, 5, 6, 11, 17, 28, 45, 73, 118, 191, 309, 500, 809, 1309, 2118, 3427, 5545, 8972, 14517, 23489, 38006, 61495]
0: (2, 0)
1: (2, 0)
2: (2, 0)
3: (11, 0)
4: (12, 0)
5: (12, 0)
6: (34, 0)
7: (34, 0)
8: (34, 0)
9: (124, 0)
10: (124, 0)
11: (124, 0)
12: (506, 637)
13: (506, 637)
14: (506, 2752)
15: (2124, 4134)
16: (2124, 4134)
17: (2124, 16226)
18: (8978, 26578)
19: (8978, 30888)
20: (8978, 68980)

6 : 
[1, 6, 7, 13, 20, 33, 53, 86, 139, 225, 364, 589, 953, 1542, 2495, 4037, 6532, 10569, 17101, 27670, 44771, 72441]
0: (7, 0)
1: (7, 0)
2: (7, 0)
3: (12, 0)
4: (12, 0)
5: (26, 0)
6: (26, 0)
7: (26, 0)
8: (92, 0)
9: (92, 0)
10: (92, 0)
11: (370, 468)
12: (370, 1016)
13: (370, 1388)
14: (1548, 2790)
15: (1548, 4324)
16: (1548, 5874)
17: (6538, 15112)
18: (6538, 24004)
19: (6538, 25158)
20: (27676, 70635)
21: (27676, 83566)

7 : 
[1, 7, 8, 15, 23, 38, 61, 99, 160, 259, 419, 678, 1097, 1775, 2872, 4647, 7519, 12166, 19685, 31851, 51536, 83387]
0: (2, 0)
1: (2, 0)
2: (2, 0)
3: (15, 0)
4: (16, 0)
5: (16, 0)
6: (46, 0)
7: (46, 0)
8: (46, 0)
9: (168, 0)
10: (168, 0)
11: (168, 0)
12: (686, 863)
13: (686, 863)
14: (686, 3730)
15: (2880, 5604)
16: (2880, 5604)
17: (2880, 22000)
18: (12174, 36038)
19: (12174, 41882)
20: (12174, 93534)

8 : 
[1, 8, 9, 17, 26, 43, 69, 112, 181, 293, 474, 767, 1241, 2008, 3249, 5257, 8506, 13763, 22269, 36032, 58301, 94333]
0: (9, 0)
1: (9, 0)
2: (9, 0)
3: (16, 0)
4: (16, 0)
5: (34, 0)
6: (34, 0)
7: (34, 0)
8: (120, 0)
9: (120, 0)
10: (120, 0)
11: (482, 610)
12: (482, 1324)
13: (482, 1808)
14: (2016, 3634)
15: (2016, 5632)
16: (2016, 7650)
17: (8514, 19680)
18: (8514, 31260)
19: (8514, 32762)

9 : 
[1, 9, 10, 19, 29, 48, 77, 125, 202, 327, 529, 856, 1385, 2241, 3626, 5867, 9493, 15360, 24853, 40213, 65066, 105279]
0: (2, 0)
1: (2, 0)
2: (2, 0)
3: (19, 0)
4: (20, 0)
5: (20, 0)
6: (58, 0)
7: (58, 0)
8: (58, 0)
9: (212, 0)
10: (212, 0)
11: (212, 0)
12: (866, 1089)
13: (866, 1089)
14: (866, 4708)
15: (3636, 7074)
16: (3636, 7074)
17: (3636, 27774)
18: (15370, 45498)
19: (15370, 52876)
20: (15370, 118088)

10  : 
[1, 10, 11, 21, 32, 53, 85, 138, 223, 361, 584, 945, 1529, 2474, 4003, 6477, 10480, 16957, 27437, 44394]

0  :  (11, 0)
1  :  (11, 0)
2  :  (11, 0)
3  :  (20, 0)
4  :  (20, 0)
5  :  (42, 0)
6  :  (42, 0)
7  :  (42, 0)
8  :  (148, 0)
9  :  (148, 0)
10  :  (148, 0)
11  :  (594, 752)
12  :  (594, 1632)
13  :  (594, 2228)
14  :  (2484, 4478)
15  :  (2484, 6940)
16  :  (2484, 9426)
17  :  (10490, 24248)
18  :  (10490, 38516)
19  :  (10490, 40366)

11  : 
[1, 11, 12, 23, 35, 58, 93, 151, 244, 395, 639, 1034, 1673, 2707, 4380, 7087, 11467, 18554, 30021, 48575]
0  :  (2, 0)
1  :  (2, 0)
2  :  (2, 0)
3  :  (23, 0)
4  :  (24, 0)
5  :  (24, 0)
6  :  (70, 0)
7  :  (70, 0)
8  :  (70, 0)
9  :  (256, 0)
10  :  (256, 0)
11  :  (256, 0)
12  :  (1046, 1315)
13  :  (1046, 1315)
14  :  (1046, 5686)
15  :  (4392, 8544)
16  :  (4392, 8544)
17  :  (4392, 33548)
18  :  (18566, 54958)
19  :  (18566, 63870)

12  : 
[1, 12, 13, 25, 38, 63, 101, 164, 265, 429, 694, 1123, 1817, 2940, 4757, 7697, 12454, 20151, 32605, 52756]
0  :  (13, 0)
1  :  (13, 0)
2  :  (13, 0)
3  :  (24, 0)
4  :  (24, 0)
5  :  (50, 0)
6  :  (50, 0)
7  :  (50, 0)
8  :  (176, 0)
9  :  (176, 0)
10  :  (176, 0)
11  :  (706, 894)
12  :  (706, 1940)
13  :  (706, 2648)
14  :  (2952, 5322)
15  :  (2952, 8248)
16  :  (2952, 11202)
17  :  (12466, 28816)
18  :  (12466, 45772)
19  :  (12466, 47970)

13  : 
[1, 13, 14, 27, 41, 68, 109, 177, 286, 463, 749, 1212, 1961, 3173, 5134, 8307, 13441, 21748, 35189, 56937]
0  :  (2, 0)
1  :  (2, 0)
2  :  (2, 0)
3  :  (27, 0)
4  :  (28, 0)
5  :  (28, 0)
6  :  (82, 0)
7  :  (82, 0)
8  :  (82, 0)
9  :  (300, 0)
10  :  (300, 0)
11  :  (300, 0)
12  :  (1226, 1541)
13  :  (1226, 1541)
14  :  (1226, 6664)
15  :  (5148, 10014)
16  :  (5148, 10014)
17  :  (5148, 39322)
18  :  (21762, 64418)
19  :  (21762, 74864)

14  : 
[1, 14, 15, 29, 44, 73, 117, 190, 307, 497, 804, 1301, 2105, 3406, 5511, 8917, 14428, 23345, 37773, 61118]
0  :  (15, 0)
1  :  (15, 0)
2  :  (15, 0)
3  :  (28, 0)
4  :  (28, 0)
5  :  (58, 0)
6  :  (58, 0)
7  :  (58, 0)
8  :  (204, 0)
9  :  (204, 0)
10  :  (204, 0)
11  :  (818, 1036)
12  :  (818, 2248)
13  :  (818, 3068)
14  :  (3420, 6166)
15  :  (3420, 9556)
16  :  (3420, 12978)
17  :  (14442, 33384)
18  :  (14442, 53028)
19  :  (14442, 55574)

15  : 
[1, 15, 16, 31, 47, 78, 125, 203, 328, 531, 859, 1390, 2249, 3639, 5888, 9527, 15415, 24942, 40357, 65299]
0  :  (2, 0)
1  :  (2, 0)
2  :  (2, 0)
3  :  (31, 0)
4  :  (32, 0)
5  :  (32, 0)
6  :  (94, 0)
7  :  (94, 0)
8  :  (94, 0)
9  :  (344, 0)
10  :  (344, 0)
11  :  (344, 0)
12  :  (1406, 1767)
13  :  (1406, 1767)
14  :  (1406, 7642)
15  :  (5904, 11484)
16  :  (5904, 11484)
17  :  (5904, 45096)
18  :  (24958, 73878)
19  :  (24958, 85858)

16  : 
[1, 16, 17, 33, 50, 83, 133, 216, 349, 565, 914, 1479, 2393, 3872, 6265, 10137, 16402, 26539, 42941, 69480]
0  :  (17, 0)
1  :  (17, 0)
2  :  (17, 0)
3  :  (32, 0)
4  :  (32, 0)
5  :  (66, 0)
6  :  (66, 0)
7  :  (66, 0)
8  :  (232, 0)
9  :  (232, 0)
10  :  (232, 0)
11  :  (930, 1178)
12  :  (930, 2556)
13  :  (930, 3488)
14  :  (3888, 7010)
15  :  (3888, 10864)
16  :  (3888, 14754)
17  :  (16418, 37952)
18  :  (16418, 60284)
19  :  (16418, 63178)

17  : 
[1, 17, 18, 35, 53, 88, 141, 229, 370, 599, 969, 1568, 2537, 4105, 6642, 10747, 17389, 28136, 45525, 73661]
0  :  (2, 0)
1  :  (2, 0)
2  :  (2, 0)
3  :  (35, 0)
4  :  (36, 0)
5  :  (36, 0)
6  :  (106, 0)
7  :  (106, 0)
8  :  (106, 0)
9  :  (388, 0)
10  :  (388, 0)
11  :  (388, 0)
12  :  (1586, 1993)
13  :  (1586, 1993)
14  :  (1586, 8620)
15  :  (6660, 12954)
16  :  (6660, 12954)
17  :  (6660, 50870)
18  :  (28154, 83338)
19  :  (28154, 96852)

18  : 
[1, 18, 19, 37, 56, 93, 149, 242, 391, 633, 1024, 1657, 2681, 4338, 7019, 11357, 18376, 29733, 48109, 77842]
0  :  (19, 0)
1  :  (19, 0)
2  :  (19, 0)
3  :  (36, 0)
4  :  (36, 0)
5  :  (74, 0)
6  :  (74, 0)
7  :  (74, 0)
8  :  (260, 0)
9  :  (260, 0)
10  :  (260, 0)
11  :  (1042, 1320)
12  :  (1042, 2864)
13  :  (1042, 3908)
14  :  (4356, 7854)
15  :  (4356, 12172)
16  :  (4356, 16530)
17  :  (18394, 42520)
18  :  (18394, 67540)
19  :  (18394, 70782)

19  : 
[1, 19, 20, 39, 59, 98, 157, 255, 412, 667, 1079, 1746, 2825, 4571, 7396, 11967, 19363, 31330, 50693, 82023]
0  :  (2, 0)
1  :  (2, 0)
2  :  (2, 0)
3  :  (39, 0)
4  :  (40, 0)
5  :  (40, 0)
6  :  (118, 0)
7  :  (118, 0)
8  :  (118, 0)
9  :  (432, 0)
10  :  (432, 0)
11  :  (432, 0)
12  :  (1766, 2219)
13  :  (1766, 2219)
14  :  (1766, 9598)
15  :  (7416, 14424)
16  :  (7416, 14424)
17  :  (7416, 56644)
18  :  (31350, 92798)
19  :  (31350, 107846)
